   -1   -1   -1   -1   -1   -1   -1   -1   -1   -1   -1   -1   -1   -1   -1   -1   -1   -1   -1   -1   -1   -1   -1   -1   -1   -1   -1   -1   -1   -1   -1   -1   -1   -1   -1   -1   -1   -1   -1   -1   -1   -1   -1   -1   -1   -1   -1   -1   -1   -1   -1   -1   -1   -1   -1   -1   -1   -1   -1   -1   -1   -1   -1   -1   -1   -1   -1   -1   -1   -1   -1   -1   -1   -1   -1   -1   -1   -1   -1   -1   -1   -1   -1   -1   -1   -1   -1   -1   -1   -1   -1   -1   -1   -1   -1   -1   -1   -1   -1   -1
   -1  140  140   -1  140  140  140  141  142  143  144  145  146  147  148  133  132  131  130  129  128  127  126  125  124  123  122  121  120  119  118  117  116  115  114  113  112  111  110  109  108  107  106  105  104  103  102  101  100   99   98   97   96   95   94   93   92   91   90   89   88   87   86   85   84   83   82   81   80   79   78   77   76   -1   -1   -1   -1   -1   -1   -1   -1   -1   -1   -1   -1   -1   -1   -1   -1   -1   -1   -1   -1   -1   -1   -1   -1   -1   -1   -1
   -1  139  139  139  139  139  140  141  142  143  144  145  146  147  148  133  132  131  130  129  128  127  126  125  124  123  122  121  120  119  118  117  116  115  114  113  112  111  110  109  108  107  106  105  104  103  102  101  100   99   98   97   96   95   94   93   92   91   90   89   88   87   86   85   84   83   82   81   80   79   78   77   76   75   74   73   72   71   70   69   68   67   66   65   64   63   62   61   60   60   60   -1   -1   -1   -1   -1   -1   -1   -1   -1
   -1  138  138  138  138   -1   -1   -1   -1   -1   -1   -1   -1   -1   -1   -1   -1   -1   -1   -1   -1   -1   -1   -1   -1   -1   -1   -1   -1   -1   -1   -1   -1   -1   -1   -1   -1   -1   -1   -1   -1   -1   -1   -1   -1   -1  102  101  100   -1   -1   -1   -1   -1   -1   -1   -1   -1   -1   -1   -1   -1   -1   -1   -1   -1   -1   -1   -1   -1   -1   -1   -1   -1   -1   -1   -1   -1   -1   -1   -1   -1   -1   -1   -1   -1   -1   -1   -1   59   59   -1   -1   -1   -1   -1   -1   -1   -1   -1
   -1   -1  137  137  137   -1  127  126  125  124  123  122  121  120  119  118  117  116  115  114  113  112  111  110  109  108  107  106  105  104  103  102  102  102   -1   -1   -1   -1   -1   -1   -1   -1   -1   -1   -1   -1  102  101  101   -1   -1   -1   -1   -1   -1   -1   -1   -1   -1   -1   -1   -1   -1   77   77   77   77   77   77   77   77   77   77   77   77   77   77   77   77   77   77   78   79   80   81   82   83   84   -1   58   58   -1   -1   -1   -1   -1   -1   -1   -1   -1
   -1  136  136  136  136   -1  127  126  125  124  123  122   -1   -1   -1   -1   -1   -1   -1   -1   -1   -1   -1   -1   -1   -1   -1   -1   -1   -1   -1   -1  101  101   -1  113  112  111  110  109  108  107  106  105  104  103  102  102  102  102  103  104  105  106  107  108  109  110  111  112  113  114   -1   76   76   76   76   76   76   76   76   76   76   76   76   76   76   76   76   76   77   78   79   80   81   82   83   84   -1   57   57   -1   -1   -1   -1   -1   -1   -1   -1   -1
   -1  135  135  135  135   -1  127  126  125  124  123  123   -1  142  142  142  142  142  142  142  142  143  144  146  146  147  148  149  150  151  153   -1  100  100   -1  113  112  111  110  109  108  107  106  105  104  103  103  103  103  103  103  104  105  106  107  108  109  110  111  112  113  114   -1   75   75   75   75   75   75   75   75   75   75   75   75   75   75   75   75   76   77   78   79   80   81   82   83   84   -1   56   56   -1   -1   -1   -1   -1   -1   -1   -1   -1
   -1  134  134  134  134   -1  127  126  125  124  124  124   -1  141  141  141  141  141  141  141  142  143   -1  145  146  147  148  149  150  152  152   -1   99   99   -1  113  112  111  110  109  108  107  106  105  104  104  104  104  104  104  104  104  105  106  107  108  109  110  111  112  113  114   -1   74   74   74   74   74   74   74   74   74   74   74   74   74   74   74   75   76   77   78   79   80   81   82   83   84   -1   55   55   -1   -1   -1   -1   -1   -1   -1   -1   -1
   -1  133  133  133  133   -1  127  126  125  125  125  125   -1  140  140  140  140  140  140  141  142  143  144  145  146  147  148  149  151  151  152   -1   98   98   -1  113  112  111  110  109  108  107  106  105  105  105  105  105  105  105  105  105  105  106  107  108  109  110  111  112  113  114   -1   73   73   73   73   73   73   73   73   73   73   73   73   73   73   74   75   76   77   78   79   80   81   82   83   84   -1   54   54   -1   -1   -1   -1   -1   -1   -1   -1   -1
   -1  132  132  132  132   -1  127  126  126  126  126  126   -1  139  139  139  139  139  140  141  142  143  144  145  146  147  148  150  150  151  152   -1   97   97   -1  113  112  111  110  109  108  107  106  106  106  106  106  106  106  106  106  106  106  106  107  108  109  110  111  112  113  114   -1   72   72   72   72   72   72   72   72   72   72   72   72   72   73   74   75   76   77   78   79   80   81   82   83   84   -1   53   53   -1   -1   -1   -1   -1   -1   -1   -1   -1
   -1  131  131  131  131   -1  127  127  127  127  127  127   -1  138  138  138  138  139  140  141  142  143  144  145  146  147  149  149  150  151  152   -1   96   96   -1  113  112  111  110  109  108  107  107  107  107  107  107  107  107  107  107  107  107  107  107  108  109  110  111  112  113  114   -1   71   71   71   71   71   71   71   71   71   71   71   71   72   73   74   75   76   77   78   79   80   81   82   83   84   -1   52   52   -1   -1   -1   -1   -1   -1   -1   -1   -1
   -1  130  130  130  130   -1  128  128  128  128  128  128   -1  137  137  137  138  139  140  141  142  143  144  145  146  148  148  149  150  151  152   -1   95   95   -1   -1   -1   -1   -1   -1   -1   -1   -1   -1   -1   -1   -1   -1   -1   -1   -1   -1   -1   -1   -1   -1   -1   -1   -1   -1   -1   -1   -1   70   70   70   70   70   70   70   70   70   70   70   71   72   73   74   75   76   77   78   79   80   81   82   83   84   -1   51   51   -1   -1   -1   -1   -1   -1   -1   -1   -1
   -1  129  129  129  129   -1  129  129  129  129  129  129   -1  136  136  137  138  139  140  141  142  143  144  145  147  147  148  149  150  151  152   -1   95   94   93   92   91   90   89   88   87   86   85   84   83   82   81   80   79   78   77   76   75   74   73   72   71   70   69   69   69   69   -1   69   69   69   69   69   69   69   69   69   69   70   71   72   73   74   75   76   77   78   79   80   81   82   83   84   -1   50   50   -1   -1   -1   -1   -1   -1   -1   -1   -1
   -1  128  128  128  128   -1   -1   -1   -1   -1   -1   -1   -1  135  136  137  138  139  140  141  142  143  144  146  146  147  148  149  150  151  152   -1   95   94   93   92   91   90   89   88   87   86   85   -1   -1   -1   -1   80   79   78   77   76   75   74   73   72   71   70   69   68   68   68   -1   68   68   68   68   68   68   68   68   68   69   70   71   72   73   74   75   76   77   78   79   80   81   82   83   84   -1   49   49   -1   -1   -1   -1   -1   -1   -1   -1   -1
   -1  127  127   -1  127  127  128  129  130  131  132  133  134  135  136  137  138  139  140  141  142  143  145  145  146  147  148  149  150  151  152   -1   95   94   93   92   91   90   89   88   87   86   86   -1   79   79   -1   -1   -1   -1   -1   -1   -1   -1   -1   -1   -1   -1   -1   -1   67   67   -1   67   67   67   67   67   67   67   67   68   69   70   71   72   73   74   75   76   77   78   79   80   81   82   83   84   -1   48   48   -1   -1   -1   -1   -1   -1   -1   -1   -1
   -1  126  126  126  126  127  128  129  130  131  132  133  134  135  136  137  138  139  140  141  142   -1  144  145  146  147  148  149  150  151  152   -1   95   94   93   92   91   90   89   88   87   87   87   -1   78   78   -1   -1   -1   -1   -1   -1   -1   -1   -1   -1   -1   -1   -1   -1   66   66   -1   66   66   66   66   66   66   66   67   68   69   70   71   72   73   74   75   76   77   78   79   80   81   82   83   84   -1   47   47   -1   -1   -1   -1   -1   -1   -1   -1   -1
   -1  125  125  125  126  127  128  129  130  131  132  133  134  135  136  137  138  139  140  141  142  143  144  145  146  147  148  149  150  151  152   -1   95   94   93   92   91   90   89   88   88   88   88   -1   78   77   76   75   74   73   72   71   70   69   68   67   66   65   65   65   65   65   -1   65   65   65   65   65   65   66   67   68   69   70   71   72   73   74   75   76   77   78   79   80   81   82   83   84   -1   46   46   -1   -1   -1   -1   -1   -1   -1   -1   -1
   -1  124  124   -1   -1   -1   -1   -1   -1   -1   -1   -1   -1   -1   -1   -1   -1   -1   -1   -1   -1   -1   -1   -1   -1   -1   -1   -1   -1   -1   -1   -1   95   94   93   92   91   90   89   89   89   89   89   -1   78   77   76   75   74   73   72   71   70   69   68   67   66   65   64   64   64   64   -1   64   64   64   64   64   65   66   67   68   69   70   71   72   73   74   75   76   77   78   79   80   81   82   83   84   -1   45   45   -1   -1   -1   -1   -1   -1   -1   -1   -1
   -1  123  123   -1  111  111  111  111  111  109  108  108  108  108  108  108  107  107  107  107  107  107  107  107  103  102  101  100   99   98   97   96   95   94   93   92   91   90   90   90   90   90   90   -1   78   77   76   75   74   73   72   71   70   69   68   67   66   65   64   63   63   63   -1   63   63   63   63   64   65   66   67   68   69   70   71   72   73   74   75   76   77   78   79   80   81   82   83   84   -1   44   44   -1   -1   -1   -1   -1   -1   -1   -1   -1
   -1  122  122   -1  110  110  110  110  110  110  108  107  107  107  107   -1   -1  106  106  106  106  106  106  106  106  102  101  100   99   98   97   96   95   94   93   92   91   91   91   91   91   91   91   -1   -1   -1   -1   -1   -1   -1   -1   -1   -1   -1   -1   -1   -1   -1   -1   -1   62   62   -1   62   62   62   63   64   65   66   67   68   69   70   71   72   73   74   75   76   77   78   79   80   81   82   83   84   -1   43   43   -1   -1   -1   -1   -1   -1   -1   -1   -1
   -1  121  121   -1  110  109  109  109  109  109  109  107  106  106  106   -1   -1  105  105  105  105  105  105  105  105  105  101  100   99   98   97   96   95   94   93   92   92   92   92   92   92   92   92   92   93   94   95   96   97   98   99  100  101  102  103  104  105  106  107   -1   61   61   -1   61   61   62   63   64   65   66   67   68   69   70   71   72   73   74   75   76   77   78   79   80   81   82   83   84   -1   42   42   -1   -1   -1   -1   -1   -1   -1   -1   -1
   -1  120  120   -1  110  109  108  108  108  108  108  108  106  105  105   -1   -1  104  104  104  104  104  104  104  104  104  105  100   99   98   97   96   95   94   93   93   93   93   93   93   93   93   93   93   93   94   95   96   97   98   99  100  101  102  103  104  105  106  107   -1   60   60   60   60   61   62   63   64   65   66   67   68   69   70   71   72   73   74   75   76   77   78   79   80   81   82   83   84   -1   41   41   -1   -1   -1   -1   -1   -1   -1   -1   -1
   -1  119  119   -1  110  109  108  107  107  107  107  107  107  105  104   -1   -1  103  103  103  103  103  103  103  103  104  105  106   99   98   97   96   95   94   94   94   94   -1   -1   -1   -1   -1   -1   -1   -1   -1   -1   -1   -1   -1   -1   -1   -1  102  103  104  105  106  107   -1   59   59   59   60   61   62   63   64   65   66   67   68   69   70   71   72   73   74   75   76   77   78   79   80   81   82   83   84   -1   40   40   -1   -1   -1   -1   -1   -1   -1   -1   -1
   -1  118  118   -1  110  109  108  107  106  106  106  106  106  106  104  103  102  102  102  102  102  102  102  102  103  104  105  106  107   98   97   96   95   95   95   95   95   -1   75   74   73   72   71   70   69   68   67   66   65   64   64   64   -1  103  103  104  105  106  107   -1   58   58   -1   60   61   62   63   64   65   66   67   68   69   70   71   72   73   74   75   76   77   78   79   80   81   82   83   84   -1   39   39   -1   -1   -1   -1   -1   -1   -1   -1   -1
   -1  117  117   -1  110  109  108  107  106  105  105  105  105  105  105   -1   -1  101  101  101  101  101  101  102  103  104  105  106  107  108   97   96   96   96   96   96   96   -1   75   74   73   72   71   70   69   68   67   66   65   64   63   63   -1  104  104  104  105  106  107   -1   57   57   -1   61   61   62   63   64   65   66   67   68   69   70   71   72   73   74   75   76   77   78   79   80   81   82   83   84   -1   38   38   -1   -1   -1   -1   -1   -1   -1   -1   -1
   -1  116  116   -1  110  109  108  107  106  105  104  104  104  104  104   -1   -1  100  100  100  100  100  101  102  103  104  105  106  107  108  109  110  111  112  113  114  115   -1   75   74   73   72   71   70   69   68   67   66   65   64   63   62   -1   -1   -1   -1   -1   -1   -1   -1   56   56   -1   62   62   62   63   64   65   66   67   68   69   70   71   72   73   74   75   76   77   78   79   80   81   82   83   84   -1   37   37   -1   -1   -1   -1   -1   -1   -1   -1   -1
   -1  115  115   -1  110  109  108  107  106  105  104  103  103  103  103   -1   -1   99   99   99   99  100  101  102  103  104  105  106  107  108  109  110  111  112  113  114  115   -1   75   74   73   72   71   70   69   68   67   66   65   64   63   62   61   60   59   58   57   56   55   55   55   55   -1   63   63   63   63   64   65   66   67   68   69   70   71   72   73   74   75   76   77   78   79   80   81   82   83   84   -1   36   36   -1   -1   -1   -1   -1   -1   -1   -1   -1
   -1  114  114   -1  110  109  108  107  106  105  104  103  102  102  102   -1   -1   98   98   98   99  100  101  102  103  104  105  106  107  108  109  110  111  112  113  114  115   -1   75   74   73   72   71   70   69   68   67   66   65   64   63   62   61   60   59   58   57   56   55   54   54   54   -1   64   64   64   64   64   65   66   67   68   69   70   71   72   73   74   75   76   77   78   79   80   81   82   83   84   -1   35   35   -1   -1   -1   -1   -1   -1   -1   -1   -1
   -1  113  113   -1   -1   -1   -1   -1   -1   -1   -1   -1   -1  101  101   -1   -1   97   97   -1   -1   -1   -1   -1   -1   -1   -1   -1   -1   -1   -1   -1   -1   -1   -1   -1   -1   -1   -1   -1   -1   -1   -1   -1   -1   -1   -1   -1   -1   -1   -1   -1   -1   -1   -1   -1   -1   -1   -1   -1   53   53   -1   -1   -1   -1   -1   -1   -1   -1   -1   -1   -1   -1   -1   -1   -1   -1   -1   -1   77   78   79   80   81   82   83   84   -1   34   34   -1   -1   -1   -1   -1   -1   -1   -1   -1
   -1  112  112   -1   -1   -1   -1   -1   -1   -1   -1   -1   -1  100  100   -1   -1   96   96   -1   -1   -1   -1   -1   -1   -1   -1   -1   -1   -1   -1   -1   -1   -1   -1   -1   -1   -1   -1   -1   -1   -1   -1   -1   -1   -1   -1   -1   -1   -1   -1   -1   -1   -1   -1   -1   -1   -1   -1   -1   53   52   51   50   49   48   47   46   45   44   43   42   42   42   42   42   42   42   42   -1   78   78   79   80   81   82   83   84   -1   33   33   -1   -1   -1   -1   -1   -1   -1   -1   -1
   -1  112  111  110  109  108  107  106  105  104  103  102  101  100   99   98   97   96   95   94   93   92   91   90   89   88   87   86   85   84   83   82   81   80   79   78   77   76   75   74   73   72   71   70   69   68   67   66   65   64   63   62   61   60   59   58   57   56   55   54   53   52   51   50   49   48   47   46   45   44   43   42   41   41   41   41   41   41   41   -1   79   79   79   80   81   82   83   84   -1   32   32   -1   -1   -1   -1   -1   -1   -1   -1   -1
   -1  112  111  110  109  108  107  106  105  104  103  102  101  100   99   98   97   96   95   94   93   92   91   90   89   88   87   86   85   84   83   82   81   80   79   78   77   76   75   74   73   72   71   70   69   68   67   66   65   64   63   62   61   60   59   58   57   56   55   54   53   52   51   50   49   48   47   46   45   44   43   42   41   40   40   40   40   40   40   -1   80   80   80   80   81   82   83   84   -1   31   31   -1   -1   -1   -1   -1   -1   -1   -1   -1
   -1   -1   -1   -1   -1   -1   -1   -1   -1   -1   -1   -1   -1   -1   -1   -1   -1   -1   -1   -1   -1   -1   -1   -1   -1   -1   -1   -1   85   84   83   -1   -1   -1   -1   -1   -1   -1   -1   -1   -1   -1   -1   -1   -1   68   67   66   65   64   63   62   61   60   59   58   57   56   55   54   53   53   -1   -1   -1   -1   -1   -1   45   44   43   42   41   40   39   39   39   39   39   -1   81   81   81   81   81   82   83   84   -1   30   30   -1   -1   -1   -1   -1   -1   -1   -1   -1
   -1  108  107  106  105  104  103  102  101  100   99   98   97   96   95   94   93   92   91   90   89   88   87   86   86   86   -1   -1   85   84   84   -1   77   76   75   74   73   72   71   70   69   68   68   68   -1   68   67   66   65   64   63   62   62   -1   59   58   57   56   55   54   54   54   -1   -1   -1   -1   -1   -1   45   44   43   42   41   40   39   38   38   38   38   -1   82   82   82   82   82   82   83   84   -1   29   29   -1   -1   -1   -1   -1   -1   -1   -1   -1
   -1  108  107  106  105  104  103  102  101  100   99   98   97   96   95   94   93   92   91   90   89   88   87   86   85   85   -1   -1   85   85   85   -1   77   76   75   74   73   72   71   70   69   68   67   67   -1   -1   -1   -1   -1   -1   -1   -1   -1   -1   -1   -1   -1   -1   -1   -1   53   53   -1   -1   -1   -1   -1   -1   45   44   43   42   41   40   39   38   37   37   37   -1   83   83   83   83   83   83   83   84   -1   28   28   -1   -1   -1   -1   -1   -1   -1   -1   -1
   -1  108  107  106  105  104  103  102  101  100   99   98   97   96   95   94   93   92   91   90   89   88   87   86   85   84   -1   -1   84   84   84   -1   77   76   75   74   73   72   71   70   69   68   67   66   -1   -1   -1   -1   -1   -1   -1   -1   -1   -1   -1   -1   -1   -1   -1   -1   52   52   -1   -1   -1   -1   -1   -1   -1   -1   -1   -1   -1   -1   -1   -1   -1   36   36   -1   84   84   84   84   84   84   84   84   -1   27   27   -1   -1   -1   -1   -1   -1   -1   -1   -1
   -1  108  107  106  105  104  103  102  101  100   99   98   97   96   95   94   93   92   91   90   89   88   87   86   85   84   83   83   83   83   83   -1   77   76   75   74   73   72   71   70   69   68   67   66   65   64   63   62   61   60   59   58   57   56   55   54   53   52   51   51   51   51   -1   -1   -1   -1   -1   -1   -1   -1   -1   -1   -1   -1   -1   -1   -1   35   35   -1   85   85   85   85   85   85   85   85   -1   26   26   -1   -1   -1   -1   -1   -1   -1   -1   -1
   -1  108  107  106  105  104  103  102  101  100   99   98   97   96   95   94   93   92   91   90   89   88   87   86   85   84   83   82   82   82   82   -1   77   76   75   74   73   72   71   70   69   68   67   66   65   64   63   62   61   60   59   58   57   56   55   54   53   52   51   50   50   50   -1   -1   -1   -1   -1   -1   -1   -1   -1   -1   -1   -1   -1   -1   -1   34   34   -1   86   86   86   86   86   86   86   86   -1   25   25   -1   -1   -1   -1   -1   -1   -1   -1   -1
   -1  108  107  106  105  104  103  102  101  100   99   98   97   96   95   94   93   92   91   90   89   88   87   86   85   85   -1   -1   81   81   81   -1   -1   -1   -1   -1   -1   -1   -1   -1   -1   -1   -1   -1   -1   -1   -1   -1   -1   -1   -1   -1   -1   -1   -1   -1   -1   -1   -1   -1   49   49   -1   -1   -1   -1   -1   -1   -1   -1   -1   -1   -1   -1   -1   -1   -1   33   33   -1   87   87   87   87   87   87   87   87   -1   24   24   -1   -1   -1   -1   -1   -1   -1   -1   -1
   -1  108  107  106  105  104  103  102  101  100   99   98   97   96   95   94   93   92   91   90   89   88   87   86   86   86   -1   -1   81   80   80   -1   -1   -1   -1   -1   -1   -1   -1   -1   -1   -1   -1   -1   -1   -1   -1   -1   -1   -1   -1   -1   -1   -1   -1   -1   -1   -1   -1   -1   49   48   -1   -1   -1   -1   -1   -1   -1   -1   -1   -1   -1   -1   -1   -1   -1   32   32   -1   88   88   88   88   88   88   88   88   -1   23   23   -1   -1   -1   -1   -1   -1   -1   -1   -1
   -1  108  107  106  105  104  103  102  101  100   99   98   97   96   95   94   93   92   91   90   89   88   87   87   87   87   -1   -1   81   80   79   78   77   76   75   74   73   72   71   70   69   68   67   66   65   64   63   62   61   60   59   58   57   56   55   54   53   52   51   50   49   48   47   46   45   44   43   42   41   40   39   38   37   36   35   34   33   32   31   -1   -1   -1   -1   -1   -1   -1   -1   -1   -1   22   22   -1   -1   -1   -1   -1   -1   -1   -1   -1
   -1  108  107  106  105  104  103  102  101  100   99   98   97   96   95   94   93   92   91   90   89   88   88   88   88   88   -1   -1   81   80   79   78   77   76   75   74   73   72   71   70   69   68   67   66   65   64   63   62   61   60   59   58   57   56   55   54   53   52   51   50   49   48   47   46   45   44   43   42   41   40   39   38   37   36   35   34   33   32   31   30   29   28   27   26   25   24   23   22   21   21   21   -1   -1   -1   -1   -1   -1   -1   -1   -1
   -1   -1   -1   -1   -1   -1   -1   -1   -1   -1   -1   -1   -1   -1   -1   -1   -1   -1   -1   -1   -1   -1   -1   -1   -1   -1   -1   -1   -1   -1   -1   -1   -1   -1   -1   -1   -1   -1   -1   -1   -1   -1   -1   -1   -1   -1   -1   -1   -1   -1   -1   -1   -1   -1   -1   -1   -1   -1   -1   -1   -1   -1   -1   -1   -1   -1   -1   -1   -1   -1   -1   -1   -1   -1   -1   -1   -1   -1   -1   -1   -1   -1   -1   -1   -1   -1   -1   -1   -1   20   20   -1   -1   -1   -1   -1   -1   -1   -1   -1
   -1   -1   -1   -1   -1   -1   -1   -1   -1   -1   -1   -1   -1   -1   -1   -1   -1   -1   -1   -1   -1   -1   -1   -1   -1   -1   -1   -1   -1   -1   -1   -1   -1   -1   -1   -1   -1   -1   -1   -1   -1   -1   -1   -1   -1   -1   -1   -1   -1   -1   -1   -1   -1   -1   -1   -1   -1   -1   -1   -1   -1   -1   -1   -1   -1   -1   -1   -1   -1   -1   -1   -1   -1   -1   -1   -1   -1   -1   -1   -1   -1   -1   -1   -1   -1   -1   -1   -1   -1   19   19   -1   -1   -1   -1   -1   -1   -1   -1   -1
   -1   -1   -1   -1   -1   -1   -1   -1   -1   -1   -1   -1   -1   -1   -1   -1   -1   -1   -1   -1   -1   -1   -1   -1   -1   -1   -1   -1   -1   -1   -1   -1   -1   -1   -1   -1   -1   -1   -1   -1   -1   -1   -1   -1   -1   -1   -1   -1   -1   -1   -1   -1   -1   -1   -1   -1   -1   -1   -1   -1   -1   -1   -1   -1   -1   -1   -1   -1   -1   -1   -1   -1   -1   -1   -1   -1   -1   -1   -1   -1   -1   -1   -1   -1   -1   -1   -1   -1   -1   18   18   -1   -1   -1   -1   -1   -1   -1   -1   -1
   -1   -1   -1   -1   -1   -1   -1   -1   -1   -1   -1   -1   -1   -1   -1   -1   -1   -1   -1   -1   -1   -1   -1   -1   -1   -1   -1   -1   -1   -1   -1   -1   -1   -1   -1   -1   -1   -1   -1   -1   -1   -1   -1   -1   -1   -1   -1   -1   -1   -1   -1   -1   -1   -1   -1   -1   -1   -1   -1   -1   -1   -1   -1   -1   -1   -1   -1   -1   -1   -1   -1   -1   -1   -1   -1   -1   -1   -1   -1   -1   -1   -1   -1   -1   -1   -1   -1   -1   -1   17   17   -1   -1   -1   -1   -1   -1   -1   -1   -1
   -1   -1   -1   -1   -1   -1   -1   -1   -1   -1   -1   -1   -1   -1   -1   -1   -1   -1   -1   -1   -1   -1   -1   -1   -1   -1   -1   -1   -1   -1   -1   -1   -1   -1   -1   -1   -1   -1   -1   -1   -1   -1   -1   -1   -1   -1   -1   -1   -1   -1   -1   -1   -1   -1   -1   -1   -1   -1   -1   -1   -1   -1   -1   -1   -1   -1   -1   -1   -1   -1   -1   -1   -1   -1   -1   -1   -1   -1   -1   -1   -1   -1   -1   -1   -1   -1   -1   -1   -1   16   16   -1   -1   -1   -1   -1   -1   -1   -1   -1
   -1   -1   -1   -1   -1   -1   -1   -1   -1   -1   -1   -1   -1   -1   -1   -1   -1   -1   -1   -1   -1   -1   -1   -1   -1   -1   -1   -1   -1   -1   -1   -1   -1   -1   -1   -1   -1   -1   -1   -1   -1   -1   -1   -1   -1   -1   -1   -1   -1   -1   -1   -1   -1   -1   -1   -1   -1   -1   -1   -1   -1   -1   -1   -1   -1   -1   -1   -1   -1   -1   -1   -1   -1   -1   -1   -1   -1   -1   -1   -1   -1   -1   -1   -1   -1   -1   -1   -1   -1   15   15   -1   -1   -1   -1   -1   -1   -1   -1   -1
   -1   -1   -1   -1   -1   -1   -1   -1   -1   -1   -1   -1   -1   -1   -1   -1   -1   -1   -1   -1   -1   -1   -1   -1   -1   -1   -1   -1   -1   -1   -1   -1   -1   -1   -1   -1   -1   -1   -1   -1   -1   -1   -1   -1   -1   -1   -1   -1   -1   -1   -1   -1   -1   -1   -1   -1   -1   -1   -1   -1   -1   -1   -1   -1   -1   -1   -1   -1   -1   -1   -1   -1   -1   -1   -1   -1   -1   -1   -1   -1   -1   -1   -1   -1   -1   -1   -1   -1   -1   14   14   -1   -1   -1   -1   -1   -1   -1   -1   -1
   -1   -1   -1   -1   -1   -1   -1   -1   -1   -1   -1   -1   -1   -1   -1   -1   -1   -1   -1   -1   -1   -1   -1   -1   -1   -1   -1   -1   -1   -1   -1   -1   -1   -1   -1   -1   -1   -1   -1   -1   -1   -1   -1   -1   -1   -1   -1   -1   -1   -1   -1   -1   -1   -1   -1   -1   -1   -1   -1   -1   -1   -1   -1   -1   -1   -1   -1   -1   -1   -1   -1   -1   -1   -1   -1   -1   -1   -1   -1   -1   -1   -1   -1   -1   -1   -1   -1   -1   -1   13   13   -1   -1   -1   -1   -1   -1   -1   -1   -1
   -1   -1   -1   -1   -1   -1   -1   -1   -1   -1   -1   -1   -1   -1   -1   -1   -1   -1   -1   -1   -1   -1   -1   -1   -1   -1   -1   -1   -1   -1   -1   -1   -1   -1   -1   -1   -1   -1   -1   -1   -1   -1   -1   -1   -1   -1   -1   -1   -1   -1   -1   -1   -1   -1   -1   -1   -1   -1   -1   -1   -1   -1   -1   -1   -1   -1   -1   -1   -1   -1   -1   -1   -1   -1   -1   -1   -1   -1   -1   -1   -1   -1   -1   -1   -1   -1   -1   -1   -1   12   12   -1   -1   -1   -1   -1   -1   -1   -1   -1
   -1   -1   -1   -1   -1   -1   -1   -1   -1   -1   -1   -1   -1   -1   -1   -1   -1   -1   -1   -1   -1   -1   -1   -1   -1   -1   -1   -1   -1   -1   -1   -1   -1   -1   -1   -1   -1   -1   -1   -1   -1   -1   -1   -1   -1   -1   -1   -1   -1   -1   -1   -1   -1   -1   -1   -1   -1   -1   -1   -1   -1   -1   -1   -1   -1   -1   -1   -1   -1   -1   -1   -1   -1   -1   -1   -1   -1   -1   -1   -1   -1   -1   -1   -1   -1   -1   -1   -1   -1   11   11   -1   -1   -1   -1   -1   -1   -1   -1   -1
   -1   -1   -1   -1   -1   -1   -1   -1   -1   -1   -1   -1   -1   -1   -1   -1   -1   -1   -1   -1   -1   -1   -1   -1   -1   -1   -1   -1   -1   -1   -1   -1   -1   -1   -1   -1   -1   -1   -1   -1   -1   -1   -1   -1   -1   -1   -1   -1   -1   -1   -1   -1   -1   -1   -1   -1   -1   -1   -1   -1   -1   -1   -1   -1   -1   -1   -1   -1   -1   -1   -1   -1   -1   -1   -1   -1   -1   -1   -1   -1   -1   -1   -1   -1   -1   -1   -1   -1   -1   10   10   -1   -1   -1   -1   -1   -1   -1   -1   -1
   -1   -1   -1   -1   -1   -1   -1   -1   -1   -1   -1   -1   -1   -1   -1   -1   -1   -1   -1   -1   -1   -1   -1   -1   -1   -1   -1   -1   -1   -1   -1   -1   -1   -1   -1   -1   -1   -1   -1   -1   -1   -1   -1   -1   -1   -1   -1   -1   -1   -1   -1   -1   -1   -1   -1   -1   -1   -1   -1   -1   -1   -1   -1   -1   -1   -1   -1   -1   -1   -1   -1   -1   -1   -1   -1   -1   -1   -1   -1   -1   -1   -1   -1   -1   -1   -1   -1   -1   -1    9    9   -1   -1   -1   -1   -1   -1   -1   -1   -1
   -1   -1   -1   -1   -1   -1   -1   -1   -1   -1   -1   -1   -1   -1   -1   -1   -1   -1   -1   -1   -1   -1   -1   -1   -1   -1   -1   -1   -1   -1   -1   -1   -1   -1   -1   -1   -1   -1   -1   -1   -1   -1   -1   -1   -1   -1   -1   -1   -1   -1   -1   -1   -1   -1   -1   -1   -1   -1   -1   -1   -1   -1   -1   -1   -1   -1   -1   -1   -1   -1   -1   -1   -1   -1   -1   -1   -1   -1   -1   -1   -1   -1   -1   -1   -1   -1   -1   -1   -1    8    8   -1   -1   -1   -1   -1   -1   -1   -1   -1
   -1   -1   -1   -1   -1   -1   -1   -1   -1   -1   -1   -1   -1   -1   -1   -1   -1   -1   -1   -1   -1   -1   -1   -1   -1   -1   -1   -1   -1   -1   -1   -1   -1   -1   -1   -1   -1   -1   -1   -1   -1   -1   -1   -1   -1   -1   -1   -1   -1   -1   -1   -1   -1   -1   -1   -1   -1   -1   -1   -1   -1   -1   -1   -1   -1   -1   -1   -1   -1   -1   -1   -1   -1   -1   -1   -1   -1   -1   -1   -1   -1   -1   -1   -1   -1   -1   -1   -1   -1    7    8   -1   -1   -1   -1   -1   -1   -1   -1   -1
   -1   -1   -1   -1   -1   -1   -1   -1   -1   -1   -1   -1   -1   -1   -1   -1   -1   -1   -1   -1   -1   -1   -1   -1   -1   -1   -1   -1   -1   -1   -1   -1   -1   -1   -1   -1   -1   -1   -1   -1   -1   -1   -1   -1   -1   -1   -1   -1   -1   -1   -1   -1   -1   -1   -1   -1   -1   -1   -1   -1   -1   -1   -1   -1   -1   -1   -1   -1   -1   -1   -1   -1   -1   -1   -1   -1   -1   -1   -1    3    2    2    2    2    2    3    4    5    6    7    8   -1   -1   -1   -1   -1   -1   -1   -1   -1
   -1   -1   -1   -1   -1   -1   -1   -1   -1   -1   -1   -1   -1   -1   -1   -1   -1   -1   -1   -1   -1   -1   -1   -1   -1   -1   -1   -1   -1   -1   -1   -1   -1   -1   -1   -1   -1   -1   -1   -1   -1   -1   -1   -1   -1   -1   -1   -1   -1   -1   -1   -1   -1   -1   -1   -1   -1   -1   -1   -1   -1   -1   -1   -1   -1   -1   -1   -1   -1   -1   -1   -1   -1   -1   -1   -1   -1   -1   -1    3    2    1    1    1    2    3    4    5    6    7    8   -1   -1   -1   -1   -1   -1   -1   -1   -1
   -1   -1   -1   -1   -1   -1   -1   -1   -1   -1   -1   -1   -1   -1   -1   -1   -1   -1   -1   -1   -1   -1   -1   -1   -1   -1   -1   -1   -1   -1   -1   -1   -1   -1   -1   -1   -1   -1   -1   -1   -1   -1   -1   -1   -1   -1   -1   -1   -1   -1   -1   -1   -1   -1   -1   -1   -1   -1   -1   -1   -1   -1   -1   -1   -1   -1   -1   -1   -1   -1   -1   -1   -1   -1   -1   -1   -1   -1   -1    3    2    1    0    2    2    3    4    5    6    7    8   -1   -1   -1   -1   -1   -1   -1   -1   -1
   -1   -1   -1   -1   -1   -1   -1   -1   -1   -1   -1   -1   -1   -1   -1   -1   -1   -1   -1   -1   -1   -1   -1   -1   -1   -1   -1   -1   -1   -1   -1   -1   -1   -1   -1   -1   -1   -1   -1   -1   -1   -1   -1   -1   -1   -1   -1   -1   -1   -1   -1   -1   -1   -1   -1   -1   -1   -1   -1   -1   -1   -1   -1   -1   -1   -1   -1   -1   -1   -1   -1   -1   -1   -1   -1   -1   -1   -1   -1    3    3    3    2    3    3    3    4    5    6    7    8   -1   -1   -1   -1   -1   -1   -1   -1   -1
   -1   -1   -1   -1   -1   -1   -1   -1   -1   -1   -1   -1   -1   -1   -1   -1   -1   -1   -1   -1   -1   -1   -1   -1   -1   -1   -1   -1   -1   -1   -1   -1   -1   -1   -1   -1   -1   -1   -1   -1   -1   -1   -1   -1   -1   -1   -1   -1   -1   -1   -1   -1   -1   -1   -1   -1   -1   -1   -1   -1   -1   -1   -1   -1   -1   -1   -1   -1   -1   -1   -1   -1   -1   -1   -1   -1   -1   -1   -1    4    4    4    4    3    4    4    4    5    6    7    8   -1   -1   -1   -1   -1   -1   -1   -1   -1
   -1   -1   -1   -1   -1   -1   -1   -1   -1   -1   -1   -1   -1   -1   -1   -1   -1   -1   -1   -1   -1   -1   -1   -1   -1   -1   -1   -1   -1   -1   -1   -1   -1   -1   -1   -1   -1   -1   -1   -1   -1   -1   -1   -1   -1   -1   -1   -1   -1   -1   -1   -1   -1   -1   -1   -1   -1   -1   -1   -1   -1   -1   -1   -1   -1   -1   -1   -1   -1   -1   -1   -1   -1   -1   -1   -1   -1   -1   -1   -1   -1   -1   -1   -1   -1   -1   -1   -1   -1   -1   -1   -1   -1   -1   -1   -1   -1   -1   -1   -1
   -1   -1   -1   -1   -1   -1   -1   -1   -1   -1   -1   -1   -1   -1   -1   -1   -1   -1   -1   -1   -1   -1   -1   -1   -1   -1   -1   -1   -1   -1   -1   -1   -1   -1   -1   -1   -1   -1   -1   -1   -1   -1   -1   -1   -1   -1   -1   -1   -1   -1   -1   -1   -1   -1   -1   -1   -1   -1   -1   -1   -1   -1   -1   -1   -1   -1   -1   -1   -1   -1   -1   -1   -1   -1   -1   -1   -1   -1   -1   -1   -1   -1   -1   -1   -1   -1   -1   -1   -1   -1   -1   -1   -1   -1   -1   -1   -1   -1   -1   -1
   -1   -1   -1   -1   -1   -1   -1   -1   -1   -1   -1   -1   -1   -1   -1   -1   -1   -1   -1   -1   -1   -1   -1   -1   -1   -1   -1   -1   -1   -1   -1   -1   -1   -1   -1   -1   -1   -1   -1   -1   -1   -1   -1   -1   -1   -1   -1   -1   -1   -1   -1   -1   -1   -1   -1   -1   -1   -1   -1   -1   -1   -1   -1   -1   -1   -1   -1   -1   -1   -1   -1   -1   -1   -1   -1   -1   -1   -1   -1   -1   -1   -1   -1   -1   -1   -1   -1   -1   -1   -1   -1   -1   -1   -1   -1   -1   -1   -1   -1   -1
   -1   -1   -1   -1   -1   -1   -1   -1   -1   -1   -1   -1   -1   -1   -1   -1   -1   -1   -1   -1   -1   -1   -1   -1   -1   -1   -1   -1   -1   -1   -1   -1   -1   -1   -1   -1   -1   -1   -1   -1   -1   -1   -1   -1   -1   -1   -1   -1   -1   -1   -1   -1   -1   -1   -1   -1   -1   -1   -1   -1   -1   -1   -1   -1   -1   -1   -1   -1   -1   -1   -1   -1   -1   -1   -1   -1   -1   -1   -1   -1   -1   -1   -1   -1   -1   -1   -1   -1   -1   -1   -1   -1   -1   -1   -1   -1   -1   -1   -1   -1
   -1   -1   -1   -1   -1   -1   -1   -1   -1   -1   -1   -1   -1   -1   -1   -1   -1   -1   -1   -1   -1   -1   -1   -1   -1   -1   -1   -1   -1   -1   -1   -1   -1   -1   -1   -1   -1   -1   -1   -1   -1   -1   -1   -1   -1   -1   -1   -1   -1   -1   -1   -1   -1   -1   -1   -1   -1   -1   -1   -1   -1   -1   -1   -1   -1   -1   -1   -1   -1   -1   -1   -1   -1   -1   -1   -1   -1   -1   -1   -1   -1   -1   -1   -1   -1   -1   -1   -1   -1   -1   -1   -1   -1   -1   -1   -1   -1   -1   -1   -1
   -1   -1   -1   -1   -1   -1   -1   -1   -1   -1   -1   -1   -1   -1   -1   -1   -1   -1   -1   -1   -1   -1   -1   -1   -1   -1   -1   -1   -1   -1   -1   -1   -1   -1   -1   -1   -1   -1   -1   -1   -1   -1   -1   -1   -1   -1   -1   -1   -1   -1   -1   -1   -1   -1   -1   -1   -1   -1   -1   -1   -1   -1   -1   -1   -1   -1   -1   -1   -1   -1   -1   -1   -1   -1   -1   -1   -1   -1   -1   -1   -1   -1   -1   -1   -1   -1   -1   -1   -1   -1   -1   -1   -1   -1   -1   -1   -1   -1   -1   -1
   -1   -1   -1   -1   -1   -1   -1   -1   -1   -1   -1   -1   -1   -1   -1   -1   -1   -1   -1   -1   -1   -1   -1   -1   -1   -1   -1   -1   -1   -1   -1   -1   -1   -1   -1   -1   -1   -1   -1   -1   -1   -1   -1   -1   -1   -1   -1   -1   -1   -1   -1   -1   -1   -1   -1   -1   -1   -1   -1   -1   -1   -1   -1   -1   -1   -1   -1   -1   -1   -1   -1   -1   -1   -1   -1   -1   -1   -1   -1   -1   -1   -1   -1   -1   -1   -1   -1   -1   -1   -1   -1   -1   -1   -1   -1   -1   -1   -1   -1   -1
   -1   -1   -1   -1   -1   -1   -1   -1   -1   -1   -1   -1   -1   -1   -1   -1   -1   -1   -1   -1   -1   -1   -1   -1   -1   -1   -1   -1   -1   -1   -1   -1   -1   -1   -1   -1   -1   -1   -1   -1   -1   -1   -1   -1   -1   -1   -1   -1   -1   -1   -1   -1   -1   -1   -1   -1   -1   -1   -1   -1   -1   -1   -1   -1   -1   -1   -1   -1   -1   -1   -1   -1   -1   -1   -1   -1   -1   -1   -1   -1   -1   -1   -1   -1   -1   -1   -1   -1   -1   -1   -1   -1   -1   -1   -1   -1   -1   -1   -1   -1
   -1   -1   -1   -1   -1   -1   -1   -1   -1   -1   -1   -1   -1   -1   -1   -1   -1   -1   -1   -1   -1   -1   -1   -1   -1   -1   -1   -1   -1   -1   -1   -1   -1   -1   -1   -1   -1   -1   -1   -1   -1   -1   -1   -1   -1   -1   -1   -1   -1   -1   -1   -1   -1   -1   -1   -1   -1   -1   -1   -1   -1   -1   -1   -1   -1   -1   -1   -1   -1   -1   -1   -1   -1   -1   -1   -1   -1   -1   -1   -1   -1   -1   -1   -1   -1   -1   -1   -1   -1   -1   -1   -1   -1   -1   -1   -1   -1   -1   -1   -1
   -1   -1   -1   -1   -1   -1   -1   -1   -1   -1   -1   -1   -1   -1   -1   -1   -1   -1   -1   -1   -1   -1   -1   -1   -1   -1   -1   -1   -1   -1   -1   -1   -1   -1   -1   -1   -1   -1   -1   -1   -1   -1   -1   -1   -1   -1   -1   -1   -1   -1   -1   -1   -1   -1   -1   -1   -1   -1   -1   -1   -1   -1   -1   -1   -1   -1   -1   -1   -1   -1   -1   -1   -1   -1   -1   -1   -1   -1   -1   -1   -1   -1   -1   -1   -1   -1   -1   -1   -1   -1   -1   -1   -1   -1   -1   -1   -1   -1   -1   -1
   -1   -1   -1   -1   -1   -1   -1   -1   -1   -1   -1   -1   -1   -1   -1   -1   -1   -1   -1   -1   -1   -1   -1   -1   -1   -1   -1   -1   -1   -1   -1   -1   -1   -1   -1   -1   -1   -1   -1   -1   -1   -1   -1   -1   -1   -1   -1   -1   -1   -1   -1   -1   -1   -1   -1   -1   -1   -1   -1   -1   -1   -1   -1   -1   -1   -1   -1   -1   -1   -1   -1   -1   -1   -1   -1   -1   -1   -1   -1   -1   -1   -1   -1   -1   -1   -1   -1   -1   -1   -1   -1   -1   -1   -1   -1   -1   -1   -1   -1   -1
   -1   -1   -1   -1   -1   -1   -1   -1   -1   -1   -1   -1   -1   -1   -1   -1   -1   -1   -1   -1   -1   -1   -1   -1   -1   -1   -1   -1   -1   -1   -1   -1   -1   -1   -1   -1   -1   -1   -1   -1   -1   -1   -1   -1   -1   -1   -1   -1   -1   -1   -1   -1   -1   -1   -1   -1   -1   -1   -1   -1   -1   -1   -1   -1   -1   -1   -1   -1   -1   -1   -1   -1   -1   -1   -1   -1   -1   -1   -1   -1   -1   -1   -1   -1   -1   -1   -1   -1   -1   -1   -1   -1   -1   -1   -1   -1   -1   -1   -1   -1
   -1   -1   -1   -1   -1   -1   -1   -1   -1   -1   -1   -1   -1   -1   -1   -1   -1   -1   -1   -1   -1   -1   -1   -1   -1   -1   -1   -1   -1   -1   -1   -1   -1   -1   -1   -1   -1   -1   -1   -1   -1   -1   -1   -1   -1   -1   -1   -1   -1   -1   -1   -1   -1   -1   -1   -1   -1   -1   -1   -1   -1   -1   -1   -1   -1   -1   -1   -1   -1   -1   -1   -1   -1   -1   -1   -1   -1   -1   -1   -1   -1   -1   -1   -1   -1   -1   -1   -1   -1   -1   -1   -1   -1   -1   -1   -1   -1   -1   -1   -1
